[10000, 24, 14, 5000] vs [10000, 24, 2, 5000] : 6 - 3
[10000, 24, 14, 5000] vs [10000, 24, 4, 5000] : 6 - 3
[10000, 24, 14, 5000] vs [10000, 24, 6, 5000] : 8 - 2
[10000, 24, 14, 5000] vs [10000, 24, 8, 5000] : 4 - 6
[10000, 24, 14, 5000] --> [10000, 24, 8, 5000]
[10000, 24, 8, 5000] vs [10000, 24, 10, 5000] : 4 - 5
[10000, 24, 8, 5000] --> [10000, 24, 10, 5000]
[10000, 24, 10, 5000] vs [10000, 24, 12, 5000] : 4 - 6
[10000, 24, 10, 5000] --> [10000, 24, 12, 5000]
[10000, 24, 12, 5000] vs [10000, 24, 14, 5000] : 5 - 5
[10000, 24, 12, 5000] vs [10000, 27, 2, 5000] : 6 - 2
[10000, 24, 12, 5000] vs [10000, 27, 4, 5000] : 7 - 2
[10000, 24, 12, 5000] vs [10000, 27, 6, 5000] : 5 - 4
[10000, 24, 12, 5000] vs [10000, 27, 8, 5000] : 5 - 4
[10000, 24, 12, 5000] vs [10000, 27, 10, 5000] : 1 - 9
[10000, 24, 12, 5000] --> [10000, 27, 10, 5000]
[10000, 27, 10, 5000] vs [10000, 27, 12, 5000] : 5 - 5
[10000, 27, 10, 5000] vs [10000, 27, 14, 5000] : 4 - 6
[10000, 27, 10, 5000] --> [10000, 27, 14, 5000]
[10000, 27, 14, 5000] vs [10000, 30, 2, 5000] : 5 - 5
[10000, 27, 14, 5000] vs [10000, 30, 4, 5000] : 8 - 2
[10000, 27, 14, 5000] vs [10000, 30, 6, 5000] : 6 - 3
[10000, 27, 14, 5000] vs [10000, 30, 8, 5000] : 4 - 6
[10000, 27, 14, 5000] --> [10000, 30, 8, 5000]
[10000, 30, 8, 5000] vs [10000, 30, 10, 5000] : 3 - 6
[10000, 30, 8, 5000] --> [10000, 30, 10, 5000]
[10000, 30, 10, 5000] vs [10000, 30, 12, 5000] : 3 - 6
[10000, 30, 10, 5000] --> [10000, 30, 12, 5000]
[10000, 30, 12, 5000] vs [10000, 30, 14, 5000] : 6 - 4
[10000, 30, 12, 5000] vs [10000, 33, 2, 5000] : 2 - 6
[10000, 30, 12, 5000] --> [10000, 33, 2, 5000]
[10000, 33, 2, 5000] vs [10000, 33, 4, 5000] : 4 - 4
[10000, 33, 2, 5000] vs [10000, 33, 6, 5000] : 7 - 2
[10000, 33, 2, 5000] vs [10000, 33, 8, 5000] : 5 - 4
[10000, 33, 2, 5000] vs [10000, 33, 10, 5000] : 4 - 6
[10000, 33, 2, 5000] --> [10000, 33, 10, 5000]
[10000, 33, 10, 5000] vs [10000, 33, 12, 5000] : 7 - 3
[10000, 33, 10, 5000] vs [10000, 33, 14, 5000] : 4 - 5
[10000, 33, 10, 5000] --> [10000, 33, 14, 5000]
[10000, 33, 14, 5000]
